day 0
## 0, 1, 2, 3, 4, 5, 6, 7, 8
# [0, 1, 1, 2, 1, 0, 0, 0, 0]  # -> 1, 2, 3, 3, 4

day 1
## 8, 0, 1, 2, 3, 4, 5, 6, 7
# [0, 1, 1, 2, 1, 0, 0, 0, 0]  # -> 0, 1, 2, 2, 3

day 2
## 7, 8, 0, 1, 2, 3, 4, 5, 6
# [0, 1, 1, 2, 1, 0, 0, 0, 1]  # -> 0, 1, 1, 2, 6, 8

day 3
## 6, 7, 8, 0, 1, 2, 3, 4, 5
# [1, 1, 1, 2, 1, 0, 0, 0, 1]  # -> 0, 0, 1, 5, 6, 7, 8

day 4
## 5, 6, 7, 8, 0, 1, 2, 3, 4
# [1, 3, 1, 2, 1, 0, 0, 0, 1]  # -> 1, 4, 5, 6, 6, 6, 7, 8, 8

day 5
## 4, 5, 6, 7, 8, 0, 1, 2, 3
# [1, 3, 2, 2, 1, 0, 0, 0, 1]  # -> 3, 4, 5, 5, 5, 6, 6, 7, 7, 8

day 6
## 3, 4, 5, 6, 7, 8, 0, 1, 2
# [1, 3, 2, 2, 1, 0, 0, 0, 1]  # -> 3, 4, 4, 4, 5, 5, 6, 6, 7, 2

day 7
## 2, 3, 4, 5, 6, 7, 8, 0, 1
# [1, 3, 2, 2, 1, 0, 0, 0, 1]  # -> 2, 3, 3, 3, 4, 4, 5, 5, 6, 1

day 8
## 1, 2, 3, 4, 5, 6, 7, 8, 0
# [1, 3, 2, 2, 1, 0, 0, 0, 1]  # -> 1, 2, 2, 2, 3, 3, 4, 4, 5, 0

day 9
## 0, 1, 2, 3, 4, 5, 6, 7, 8
# [1, 3, 2, 2, 1, 0, 1, 0, 1]  # -> 0, 1, 1, 1, 2, 2, 3, 3, 4, 6, 8
